VARIABLES="xi" 
39.18402886 
39.45089152 
39.80717824 
39.81577470 
41.68293738 
41.02719648 
41.79329450 
42.80357348 
42.50835484 
42.46363597 
42.36403861 
41.78700593 
39.06911862 
39.01896220 
39.25240926 
39.74274164 
38.85638149 
39.95243663 
39.47109751 
39.93390176 
41.09999106 
39.19987228 
39.63462620 
41.79152753 
40.73864972 
40.73232704 
42.50149376 
44.08054113 
42.87276673 
44.01202312 
43.79894896 
43.12735885 
43.02061837 
44.30787349 
41.25898366 
41.57763380 
41.77506468 
41.86409658 
42.41828319 
40.74489172 
40.32096555 
41.07708904 
40.09355706 
41.43157514 
40.43276623 
40.95614423 
41.45355020 
41.20428724 
41.30000472 
41.72516989 
44.72743076 
42.88067556 
45.01584274 
44.54604749 
44.97496554 
45.02010005 
42.24111527 
42.78072451 
44.34476175 
42.93266900 
43.40142610 
41.77689147 
40.05575970 
41.88554443 
40.62475578 
41.65657868 
42.42010435 
42.17092013 
42.18704116 
41.69190255 
41.00966185 
41.47075557 
39.98708591 
41.79123174 
42.86783101 
40.16147599 
40.12288482 
43.08388424 
41.33525689 
40.89053471 
43.76172044 
41.82371443 
44.29522287 
41.74467641 
42.36985070 
42.79702105 
42.31618798 
42.06619579 
41.48735398 
40.33594179 
39.02525611 
40.73389583 
38.98501410 
40.30982029 
41.10895228 
38.86580509 
41.99281832 
39.28131221 
42.12286626 
42.33157883 
39.94723923 
41.58774873 
42.84840661 
40.80630060 
42.28936779 
41.57303304 
42.14269799 
42.17504192 
39.80582279 
40.59615318 
41.82543960 
41.35071931 
42.97225172 
42.38492594 
42.01362224 
41.43225784 
41.61212266 
43.92738750 
42.73602364 
44.00227615 
41.63839092 
43.86649378 
40.89624095 
43.33491346 
43.00543007 
41.53835727 
40.07733355 
40.19233324 
41.89311824 
42.34771315 
39.85406191 
42.18591808 
42.77749025 
40.68840065 
41.43365474 
40.22625520 
39.52184969 
41.04609933 
40.59196745 
39.01191305 
39.95521917 
39.55616421 
38.75668124 
38.89635329 
40.81108025 
40.57195184 
41.20122236 
41.43419500 
41.41350728 
42.43053321 
43.58590374 
42.09771891 
43.54344852 
42.65896213 
42.33441170 
41.12994167 
40.78538119 
41.78993029 
40.45232422 
41.32945172 
42.69620428 
42.26007210 
42.56686352 
43.94010811 
43.82059988 
43.68617352 
45.05863768 
42.34661348 
42.98394622 
45.10857902 
44.15737471 
42.91372726 
43.30624761 
42.25977516 
42.01128191 
41.40550971 
41.91858437 
40.78949291 
42.23677203 
41.85294447 
43.99364296 
42.73997338 
43.74437767 
42.37424233 
42.52386874 
43.60935320 
44.00519999 
42.33335761 
43.40215999 
42.55862045 
41.75005522 
42.79511481 
42.15607400 
42.51076600 
41.55046291 
40.85427675 
41.41169825 
43.10425698 
40.54848772 
41.30126866 
42.56860607 
43.00061142 
41.58835294 
43.55928621 
44.27557703 
41.68043662 
42.57805278 
41.90471010 
44.02169301 
42.75268481 
41.65346781 
41.39901981 
42.91057435 
44.00584169 
44.15935841 
44.15533521 
42.00884000 
42.83601889 
43.53370774 
40.71524218 
42.67159343 
42.46905108 
40.02893778 
39.41107044 
40.59715788 
41.73189845 
40.59065988 
40.47645736 
40.84604346 
39.72500280 
39.80774542 
42.17666770 
41.25495588 
40.04083043 
41.78883973 
39.05038872 
40.23548257 
41.07890925 
39.93175159 
40.24755546 
40.74275496 
41.93634763 
41.49570607 
39.10237431 
39.66395935 
39.97412575 
41.67083471 
40.55959024 
40.42436841 
42.06292630 
42.14311750 
43.83740976 
44.16714892 
43.87719324 
43.52422296 
43.59826699 
44.08235815 
41.44323341 
42.38845391 
41.42844445 
44.14612228 
43.14017691 
42.61824801 
42.00626807 
42.75004859 
41.68202492 
40.69372325 
40.50578908 
40.27643220 
41.26898963 
40.32638457 
41.38459903 
42.91821239 
41.25820004 
40.57540784 
42.02969915 
42.96549752 
41.17707780 
40.04380034 
40.18283299 
39.77582425 
41.69901246 
40.58746539 
41.06313065 
40.96889942 
40.39170116 
40.45795658 
41.21477243 
40.57919366 
41.40793201 
40.32271724 
39.53914540 
39.57090739 
41.88508105 
40.80070305 
42.14623823 
42.23840569 
41.96701040 
42.62685010 
41.96529504 
41.85722822 
41.77911818 
43.04717774 
41.18592772 
40.27357216 
40.72844291 
42.31367373 
43.03952870 
43.70307844 
41.48646137 
43.34649155 
42.80769083 
42.18648219 
42.46081865 
42.35712502 
42.82849233 
43.12339595 
41.71002773 
40.99513815 
43.24673895 
41.65796564 
42.61720933 
40.38113289 
39.81916933 
42.06833722 
41.76065946 
42.04788728 
41.62374072 
39.10041814 
40.95335282 
42.71575312 
41.52862820 
43.07720866 
40.86834358 
44.09471455 
44.07621544 
43.00515151 
42.55304027 
42.14592850 
43.20674017 
40.73719904 
41.64401944 
43.11172039 
41.58285646 
41.00761691 
40.75391887 
39.88605111 
41.76607372 
41.80234536 
40.34515084 
42.00342115 
40.46827218 
40.59058784 
40.14808406 
40.33232874 
42.62191944 
42.49957199 
42.03540676 
43.08314174 
42.06299369 
42.08204295 
40.78955929 
41.70323601 
39.96328494 
39.39043700 
41.22824698 
40.96227631 
39.86360127 
40.75062381 
41.83020578 
41.93812866 
40.81292238 
41.03167311 
40.41206368 
41.53567210 
41.48829123 
40.18039660 
41.62322156 
39.47076932 
39.81233294 
42.54345727 
42.68751723 
39.69219683 
41.14536131 
42.24908237 
40.16730741 
41.97068935 
41.84644602 
41.23339165 
39.22946823 
40.44253572 
42.11318312 
41.37111711 
40.37820467 
41.18412691 
39.99124556 
41.17357353 
42.71525401 
42.61704853 
41.20506028 
42.91640111 
42.28876510 
44.62162684 
41.90912793 
42.44837205 
44.09126705 
41.49507925 
42.59416738 
43.11693501 
42.60599333 
40.42286124 
41.14303127 
40.68252703 
40.96750161 
41.25751822 
39.85833120 
42.36842297 
41.64477447 
40.25962377 
41.68355724 
42.96702547 
42.58331060 
42.34884558 
41.71619226 
41.11836452 
42.14942243 
41.13272235 
41.32136501 
43.12771763 
42.91819608 
42.47694933 
42.74362380 
40.21775994 
41.19816858 
41.48631749 
42.38664579 
41.62252104 
40.82245613 
42.05957623 
42.43913617 
41.86854338 
40.31755502 
43.05882499 
40.30830100 
41.83587257 
40.54329111 
41.40451234 
42.82323751 
41.03239566 
43.08764532 
42.50854845 
41.37126767 
40.86248691 
40.76713690 
42.30832632 
39.92055381 
41.87391053 
41.58748520 
41.90054893 
42.52514305 
40.49801412 
39.98328025 
41.88550319 
41.66448737 
40.66827979 
39.69056249 
41.48944415 
40.60821576 
42.02803142 
41.72117459 
41.73947107 
43.05292891 
42.20351847 
42.75291949 
40.43591874 
41.46523499 
39.00353389 
41.02575256 
40.38069419 
41.10866760 
38.34742775 
40.99357848 
39.76613634 
40.13622399 
39.19690338 
38.45466194 
40.99073182 
38.86981351 
39.82939237 
40.97225897 
42.59654572 
41.54900873 
43.59235441 
41.68785440 
42.75210654 
44.15534282 
42.46748082 
44.83417846 
43.78981932 
44.85991450 
43.12651357 
42.43644793 
43.96734970 
42.44678438 
40.80416082 
39.19012380 
40.73559990 
40.09572378 
38.14242289 
38.31143092 
41.22966188 
39.95124097 
38.78731268 
39.30165170 
40.03705280 
42.92757866 
42.04224985 
42.79712660 
42.96326046 
41.86629400 
44.65544938 
42.70593886 
42.54091577 
43.43534529 
42.93684745 
42.55705172 
43.55078182 
44.62126039 
43.80387204 
42.87456154 
42.64817104 
43.23543134 
41.55949013 
43.75425041 
42.28777107 
40.37273637 
40.87093167 
39.05397968 
41.56705849 
40.42998017 
41.23072493 
41.95102423 
43.06700352 
42.80108822 
42.44001304 
43.99709201 
42.77318165 
44.82238559 
42.24175460 
44.73940362 
43.61335648 
43.83075280 
42.12670146 
40.95347520 
40.72644525 
42.01833752 
42.43549707 
40.05354346 
41.00273402 
38.69821140 
40.11144261 
39.53810435 
40.53038814 
39.07618414 
38.54883386 
39.61011160 
40.04853279 
38.19967690 
39.00233909 
39.47404611 
39.96523460 
38.34634761 
38.78333831 
40.52120006 
40.15602649 
38.91656874 
40.80863658 
39.56911337 
39.84366493 
39.37530571 
41.04254756 
41.79417337 
41.93680368 
42.40941613 
42.65462568 
45.11459030 
44.93111638 
43.34940579 
43.39301491 
43.38746637 
42.87157216 
41.95736514 
44.15758372 
41.60087818 
43.90871012 
41.47043061 
42.66049273 
44.18234061 
43.94611358 
42.41589580 
44.81820281 
43.34900884 
42.23733361 
43.11714884 
44.04565638 
43.83919564 
42.36482973 
42.06710703 
41.46721638 
40.47850119 
42.58798867 
40.54083302 
41.28209570 
41.51302941 
43.24160512 
40.66220284 
43.46317593 
41.78940787 
41.67783591 
42.34000888 
42.91736664 
40.98685728 
40.78195739 
43.00479874 
41.62588460 
40.59146512 
42.60963511 
42.23702710 
39.76238605 
38.86061801 
40.76252791 
40.85175538 
38.04076163 
37.40528830 
38.87140902 
38.64685262 
38.21374775 
36.52836344 
38.73624586 
39.64656005 
39.53366705 
37.22991631 
38.13787648 
37.93677007 
39.16643758 
39.62021805 
38.98913111 
41.01018663 
41.45697626 
41.84699214 
40.85394339 
40.21438336 
42.54220321 
43.61173532 
41.03954971 
40.88388148 
43.34432364 
41.76208717 
42.64961062 
42.15359221 
39.77337055 
39.59533842 
38.64744760 
40.14616190 
40.46716135 
39.46481188 
37.84926850 
40.96016401 
39.53377476 
39.23470076 
39.04522298 
40.84591060 
41.04750876 
41.96881740 
40.41601639 
41.43673040 
41.13574783 
43.76181916 
42.42306502 
42.40719226 
41.57293088 
43.98084986 
42.72967609 
42.50087074 
43.19359010 
42.38987302 
41.96595737 
40.24888065 
41.38368084 
42.72688241 
41.66997045 
42.51446587 
43.27655848 
43.16838148 
41.20731118 
40.78592200 
42.22455514 
40.88829361 
42.39390475 
43.94510485 
41.72957680 
42.22404194 
42.45075313 
43.83224606 
43.91569318 
42.80201292 
42.59254225 
44.29509762 
43.60535968 
43.47121427 
44.02878017 
42.56245313 
43.45295146 
42.40411742 
43.73900370 
42.33417025 
43.48726323 
44.25024098 
42.75213299 
42.34564493 
41.45636520 
41.58114159 
40.59563959 
41.10737526 
40.64001199 
40.40756119 
41.73137825 
40.69892249 
40.60407942 
41.38069469 
39.25228926 
40.81333918 
39.84185270 
39.70852206 
40.38079344 
41.22570248 
39.04344287 
40.54304897 
41.29978083 
39.11393645 
39.53648527 
40.32975427 
41.82340728 
40.92059733 
40.67289638 
42.09846959 
42.93105732 
43.14813959 
42.54189102 
45.24598780 
44.88190635 
44.47476123 
43.20998472 
43.71391066 
42.78084220 
42.12636590 
43.55651944 
41.74580596 
40.25106388 
40.92620582 
41.91018095 
39.73946496 
42.01192272 
40.11751842 
40.27468456 
40.09228766 
42.16995013 
40.23220143 
43.33221805 
41.06161290 
41.71183307 
43.20283769 
41.61163637 
42.86736014 
43.48464939 
43.95985898 
43.02034497 
42.69342515 
41.20698493 
40.33988938 
41.01728047 
39.94907134 
41.93847066 
41.40449146 
41.91604543 
41.78854158 
40.58446713 
39.80563243 
40.68705693 
41.32537825 
40.39532347 
40.49044445 
40.16141503 
40.01673578 
40.82490786 
40.34324979 
41.84420791 
39.57370875 
42.69267272 
40.11650107 
41.73986297 
41.45122668 
40.64886037 
42.72469559 
42.41678681 
42.94814306 
42.20168006 
42.90799668 
42.08141534 
43.19921800 
42.93573672 
41.76213583 
42.66194286 
41.64655946 
42.76993740 
41.13526345 
43.24218855 
41.09352180 
40.62637640 
43.10746210 
43.77616258 
44.53276632 
43.07206531 
44.94459905 
44.27680363 
44.01819909 
44.93717902 
44.95596927 
41.63574978 
43.09861089 
41.05214853 
41.13018280 
40.37137002 
41.93462100 
42.28161031 
41.03846767 
41.09328242 
41.72589123 
40.88444848 
40.50802293 
39.99268597 
40.96484328 
40.30668985 
40.66771571 
40.72643973 
41.15884797 
41.30124569 
42.56406267 
40.23651121 
40.59948377 
41.35339006 
41.15984906 
40.60349143 
41.81794391 
42.94884146 
40.42863666 
41.63056678 
40.37181216 
41.71700539 
41.42714650 
41.95675384 
40.07370541 
41.07419709 
40.57034215 
41.80863897 
41.17230306 
40.25077303 
40.34203690 
40.19257048 
42.59398988 
40.65929163 
40.34722298 
41.09505267 
42.36587042 
42.25774726 
42.20514459 
39.91657070 
41.02109383 
42.65055483 
40.76291585 
41.67916287 
40.78866815 
40.33066903 
41.27241175 
42.72484502 
43.28880767 
42.90706262 
40.38705118 
41.16071932 
40.80643826 
41.05383277 
43.17715187 
41.75293302 
42.32889318 
42.51536050 
40.22403004 
42.46935461 
39.87586830 
41.99139745 
42.12388916 
42.35535499 
40.78521416 
42.04402626 
42.40760052 
42.51312154 
43.48511200 
42.74387812 
42.97484360 
41.95203653 
43.23868032 
40.40403661 
42.00490593 
41.29762717 
42.07068561 
42.84354637 
41.40715867 
42.73993377 
41.86119627 
43.64343984 
41.25800209 
41.17706031 
43.95427478 
41.42413802 
41.47455665 
41.52064206 
41.31544375 
42.45169559 
43.07583467 
43.52126052 
43.32833057 
43.05279923 
42.30029471 
43.10851069 
43.97872136 
42.59905159 
41.99957906 
43.55463752 
41.74002234 
41.63671209 
42.22021978 
42.50285360 
42.22364882 
40.34146677 
40.02613206 
40.24296837 
41.45219248 
40.28134681 
41.61854319 
42.10679760 
40.68021473 
39.96763564 
42.08457135 
43.10759254 
42.14879545 
43.02396744 
42.37139276 
44.76866159 
43.29273930 
43.35401289 
42.11059302 
41.40713735 
40.94074830 
43.01397163 
42.55096968 
40.49805543 
42.66430793 
42.07311712 
42.21077878 
43.60172832 
40.89502470 
42.45565285 
42.86915725 
43.22784036 
41.54229157 
43.19070913 
40.98488845 
42.32625360 
42.57461860 
41.65123350 
41.90095674 
40.47276365 
41.73570141 
40.77973029 
39.80068832 
40.61003416 
40.21416121 
40.15937183 
41.43297456 
41.18874616 
40.91847508 
40.36440684 
42.47220824 
42.52929950 
40.73583687 
41.86499543 
42.47901987 
43.14626130 
43.14783250 
41.55019885 
40.94935933 
43.09134592 
41.03522171 
41.33921289 
42.16604081 
43.96337934 
43.33929999 
43.53801934 
44.73879732 
43.62529418 
41.70159610 
44.01368811 
43.00335311 
42.12541295 
40.93253717 
40.39859687 
40.70318138 
39.64590285 
39.03831937 
39.60756437 
40.26314946 
40.56183867 
42.39898797 
43.58501998 
43.91681165 
44.10087438 
43.82820155 
44.16873042 
43.63938361 
41.43352997 
43.58642554 
40.38301621 
41.94771616 
40.48773885 
40.68972102 
41.28284463 
41.26016747 
42.76238924 
44.69592659 
43.34290388 
44.22156564 
44.36932544 
44.59560836 
43.30604160 
44.36416829 
44.10119879 
43.10157857 
41.20804614 
42.51967967 
40.18906194 
41.18348310 
41.41274625 
41.63333860 
40.55300582 
41.62662609 
42.13519359 
39.51966786 
39.88078742 
42.35247875 
41.14219215 
41.34969595 
43.36810469 
42.97381820 
43.97982464 
41.83270653 
41.59470567 
42.64595884 
43.03395713 
43.12632909 
44.12215895 
42.10583333 
41.23284608 
42.53775273 
39.68610955 
40.66679289 
41.55053168 
40.76865771 
39.89595221 
41.02032772 
39.68045127 
42.77468060 
41.41563015 
41.18991268 
43.34112620 
41.84538503 
41.37009777 
40.79114787 
42.42391343 
41.04519928 
40.73684074 
42.27404290 
41.22950063 
41.35312565 
42.38174857 
42.64499537 
40.80419320 
42.51853356 
42.21999377 
39.56768593 
41.15727161 
40.54013093 
41.47726867 
40.52135557 
40.96840465 
41.27662677 
40.32757921 
40.10319037 
39.61197935 
41.18620763 
41.89861037 
40.85463150 
41.70347134 
40.86142644 
40.99107590 
42.01455509 
42.61267910 
42.28825319 
39.94418319 
40.28731881 
41.62384768 
39.44863259 
41.67407809 
40.64832356 
39.43085303 
41.92464043 
41.87769854 
42.10094977 
41.74303075 
41.60251203 
42.64759105 
43.33440205 
44.31572449 
45.38593524 
42.68338112 
44.11097858 
44.11038689 
42.33710831 
40.90266099 
42.61788661 
41.26638053 
39.92993901 
42.26077454 
41.44976194 
39.71936833 
42.32646926 
39.57279313 
39.68535581 
42.90338908 
42.21325335 
41.57677473 
42.36490594 
43.53093542 
41.47141022 
43.71036973 
43.53368626 
42.50214798 
42.51532309 
41.27015986 
40.22073205 
40.43599222 
41.61068312 
38.94808927 
39.00400582 
38.59409317 
37.62832046 
38.92049075 
39.98817851 
40.38541489 
40.08698119 
39.36832414 
39.52643387 
41.23617519 
42.26394384 
42.75011482 
40.26328883 
41.57991106 
40.27484929 
40.31193071 
41.83044430 
39.07276669 
38.31465542 
39.27143224 
38.32494945 
38.53172441 
40.02916322 
40.53289387 
40.49351586 
40.18361684 
41.44414816 
40.55495930 
42.21993879 
42.63158489 
42.45409376 
41.54270823 
41.38690814 
40.49853177 
42.23479358 
41.07766847 
40.55867391 
41.94800700 
40.36957121 
42.51298217 
42.61429320 
42.83801113 
41.34000539 
41.29145468 
42.63388807 
41.12027902 
41.21910984 
41.42348965 
42.15511499 
40.79112202 
41.10900445 
40.97271821 
42.21705240 
42.14999687 
40.11046648 
40.38328030 
40.90833460 
42.91849671 
41.57357519 
44.50464191 
44.00578750 
42.58149729 
44.92889667 
45.11591483 
45.17061071 
43.69052572 
43.35213340 
41.75242507 
42.44893482 
42.18658801 
40.61746038 
41.37904178 
41.29692967 
40.10319665 
41.45118445 
39.63422529 
40.74434260 
41.65109118 
41.22106424 
42.30518486 
41.68199187 
41.01835778 
43.46653439 
42.41658731 
42.14647778 
41.70538366 
41.27108027 
40.79255444 
38.87485149 
