"time"     "h" 
0.00000000 18.00000000 
0.00100000 18.53009709 
0.00200000 20.02676034 
0.00300000 22.35322371 
0.00400000 25.37856127 
0.00500000 28.97867661 
0.00600000 33.03708352 
0.00700000 37.44549317 
0.00800000 42.10422361 
0.00900000 46.92244796 
0.01000000 51.81829760 
0.01100000 56.71883652 
0.01200000 61.55992305 
0.01300000 66.28597418 
0.01400000 70.84964754 
0.01500000 75.21145500 
0.01600000 79.33932141 
0.01700000 83.20810066 
0.01800000 86.79906062 
0.01900000 90.09934745 
0.02000000 93.10143867 
0.02100000 95.80259344 
0.02200000 98.20430757 
0.02300000 100.31177980 
0.02400000 102.13339472 
0.02500000 103.68022727 
0.02600000 104.96557238 
0.02700000 106.00450302 
0.02800000 106.81345874 
0.02900000 107.40986655 
0.03000000 107.81179493 
0.03100000 108.03764154 
0.03200000 108.10585465 
0.03300000 108.03468758 
0.03400000 107.84198568 
0.03500000 107.54500429 
0.03600000 107.16025654 
0.03700000 106.70338929 
0.03800000 106.18908526 
0.03900000 105.63098967 
0.04000000 105.04165913 
0.04100000 104.43253099 
0.04200000 103.81391079 
0.04300000 103.19497602 
0.04400000 102.58379403 
0.04500000 101.98735212 
0.04600000 101.41159806 
0.04700000 100.86148912 
0.04800000 100.34104805 
0.04900000 99.85342429 
0.05000000 99.40095923 
0.05100000 98.98525386 
0.05200000 98.60723796 
0.05300000 98.26723946 
0.05400000 97.96505332 
0.05500000 97.70000888 
0.05600000 97.47103506 
0.05700000 97.27672290 
0.05800000 97.11538487 
0.05900000 96.98511053 
0.06000000 96.88381845 
0.06100000 96.80930390 
0.06200000 96.75928248 
0.06300000 96.73142939 
0.06400000 96.72341449 
0.06500000 96.73293321 
0.06600000 96.75773332 
0.06700000 96.79563779 
0.06800000 96.84456390 
0.06900000 96.90253883 
0.07000000 96.96771188 
0.07100000 97.03836366 
0.07200000 97.11291247 
0.07300000 97.18991810 
0.07400000 97.26808330 
0.07500000 97.34625329 
0.07600000 97.42341342 
0.07700000 97.49868534 
0.07800000 97.57132183 
0.07900000 97.64070058 
0.08000000 97.70631710 
0.08100000 97.76777693 
0.08200000 97.82478747 
0.08300000 97.87714931 
0.08400000 97.92474760 
0.08500000 97.96754321 
0.08600000 98.00556406 
0.08700000 98.03889663 
0.08800000 98.06767771 
0.08900000 98.09208654 
0.09000000 98.11233730 
0.09100000 98.12867212 
0.09200000 98.14135454 
0.09300000 98.15066346 
0.09400000 98.15688770 
0.09500000 98.16032103 
0.09600000 98.16125775 
0.09700000 98.15998883 
0.09800000 98.15679850 
0.09900000 98.15196144 
0.10000000 98.14574033 
0.10100000 98.13838389 
0.10200000 98.13012542 
0.10300000 98.12118154 
0.10400000 98.11175151 
0.10500000 98.10201668 
0.10600000 98.09214034 
0.10700000 98.08226779 
0.10800000 98.07252664 
0.10900000 98.06302731 
0.11000000 98.05386367 
0.11100000 98.04511384 
0.11200000 98.03684108 
0.11300000 98.02909479 
0.11400000 98.02191154 
0.11500000 98.01531617 
0.11600000 98.00932284 
0.11700000 98.00393623 
0.11800000 97.99915253 
0.11900000 97.99496062 
0.12000000 97.99134303 
0.12100000 97.98827694 
0.12200000 97.98573519 
0.12300000 97.98368708 
0.12400000 97.98209925 
0.12500000 97.98093642 
0.12600000 97.98016206 
0.12700000 97.97973907 
0.12800000 97.97963028 
0.12900000 97.97979893 
0.13000000 97.98020917 
0.13100000 97.98082634 
0.13200000 97.98161731 
0.13300000 97.98255072 
0.13400000 97.98359716 
0.13500000 97.98472934 
0.13600000 97.98592217 
0.13700000 97.98715279 
0.13800000 97.98840067 
0.13900000 97.98964752 
0.14000000 97.99087728 
0.14100000 97.99207609 
0.14200000 97.99323214 
0.14300000 97.99433563 
0.14400000 97.99537863 
0.14500000 97.99635494 
0.14600000 97.99726001 
0.14700000 97.99809074 
0.14800000 97.99884538 
0.14900000 97.99952338 
0.15000000 98.00012524 
0.15100000 98.00065241 
0.15200000 98.00110711 
0.15300000 98.00149224 
0.15400000 98.00181126 
0.15500000 98.00206805 
0.15600000 98.00226683 
0.15700000 98.00241208 
0.15800000 98.00250839 
0.15900000 98.00256048 
0.16000000 98.00257302 
0.16100000 98.00255067 
0.16200000 98.00249793 
0.16300000 98.00241920 
0.16400000 98.00231864 
0.16500000 98.00220022 
0.16600000 98.00206762 
0.16700000 98.00192431 
0.16800000 98.00177343 
0.16900000 98.00161786 
0.17000000 98.00146019 
0.17100000 98.00130273 
0.17200000 98.00114748 
0.17300000 98.00099619 
0.17400000 98.00085035 
0.17500000 98.00071118 
0.17600000 98.00057969 
0.17700000 98.00045664 
0.17800000 98.00034260 
0.17900000 98.00023797 
0.18000000 98.00014295 
0.18100000 98.00005761 
0.18200000 97.99998189 
0.18300000 97.99991560 
0.18400000 97.99985845 
0.18500000 97.99981007 
0.18600000 97.99977003 
0.18700000 97.99973784 
0.18800000 97.99971295 
0.18900000 97.99969481 
0.19000000 97.99968283 
0.19100000 97.99967642 
0.19200000 97.99967499 
0.19300000 97.99967795 
0.19400000 97.99968472 
0.19500000 97.99969477 
0.19600000 97.99970755 
0.19700000 97.99972257 
0.19800000 97.99973937 
0.19900000 97.99975751 
0.20000000 97.99977660 
0.20100000 97.99979626 
0.20200000 97.99981618 
0.20300000 97.99983607 
0.20400000 97.99985567 
0.20500000 97.99987476 
0.20600000 97.99989316 
0.20700000 97.99991071 
0.20800000 97.99992729 
0.20900000 97.99994280 
0.21000000 97.99995716 
0.21100000 97.99997034 
0.21200000 97.99998231 
0.21300000 97.99999305 
0.21400000 98.00000258 
0.21500000 98.00001091 
0.21600000 98.00001810 
0.21700000 98.00002417 
0.21800000 98.00002920 
0.21900000 98.00003323 
0.22000000 98.00003635 
0.22100000 98.00003861 
0.22200000 98.00004010 
0.22300000 98.00004089 
0.22400000 98.00004105 
0.22500000 98.00004066 
0.22600000 98.00003979 
0.22700000 98.00003851 
0.22800000 98.00003689 
0.22900000 98.00003498 
0.23000000 98.00003285 
0.23100000 98.00003056 
0.23200000 98.00002814 
0.23300000 98.00002566 
0.23400000 98.00002314 
0.23500000 98.00002063 
0.23600000 98.00001815 
0.23700000 98.00001574 
0.23800000 98.00001342 
0.23900000 98.00001121 
0.24000000 98.00000912 
0.24100000 98.00000717 
0.24200000 98.00000536 
0.24300000 98.00000370 
0.24400000 98.00000219 
0.24500000 98.00000084 
0.24600000 97.99999964 
0.24700000 97.99999859 
0.24800000 97.99999769 
0.24900000 97.99999692 
0.25000000 97.99999629 
0.25100000 97.99999579 
0.25200000 97.99999540 
0.25300000 97.99999511 
0.25400000 97.99999493 
0.25500000 97.99999483 
0.25600000 97.99999481 
0.25700000 97.99999487 
0.25800000 97.99999498 
0.25900000 97.99999514 
0.26000000 97.99999535 
0.26100000 97.99999559 
0.26200000 97.99999586 
0.26300000 97.99999615 
0.26400000 97.99999645 
0.26500000 97.99999677 
0.26600000 97.99999709 
0.26700000 97.99999740 
0.26800000 97.99999772 
0.26900000 97.99999802 
0.27000000 97.99999831 
0.27100000 97.99999859 
0.27200000 97.99999886 
0.27300000 97.99999910 
0.27400000 97.99999933 
0.27500000 97.99999954 
0.27600000 97.99999973 
0.27700000 97.99999990 
0.27800000 98.00000005 
0.27900000 98.00000018 
0.28000000 98.00000030 
0.28100000 98.00000039 
0.28200000 98.00000047 
0.28300000 98.00000053 
0.28400000 98.00000058 
0.28500000 98.00000062 
0.28600000 98.00000064 
0.28700000 98.00000065 
0.28800000 98.00000065 
0.28900000 98.00000065 
0.29000000 98.00000063 
0.29100000 98.00000061 
0.29200000 98.00000059 
0.29300000 98.00000056 
0.29400000 98.00000052 
0.29500000 98.00000049 
0.29600000 98.00000045 
0.29700000 98.00000041 
0.29800000 98.00000037 
0.29900000 98.00000033 
0.30000000 98.00000029 
0.30100000 98.00000025 
0.30200000 98.00000021 
0.30300000 98.00000018 
0.30400000 98.00000014 
0.30500000 98.00000011 
0.30600000 98.00000008 
0.30700000 98.00000006 
0.30800000 98.00000003 
0.30900000 98.00000001 
0.31000000 97.99999999 
0.31100000 97.99999998 
0.31200000 97.99999996 
0.31300000 97.99999995 
0.31400000 97.99999994 
0.31500000 97.99999993 
0.31600000 97.99999993 
0.31700000 97.99999992 
0.31800000 97.99999992 
0.31900000 97.99999992 
0.32000000 97.99999992 
0.32100000 97.99999992 
0.32200000 97.99999992 
0.32300000 97.99999992 
0.32400000 97.99999993 
0.32500000 97.99999993 
0.32600000 97.99999993 
0.32700000 97.99999994 
0.32800000 97.99999994 
0.32900000 97.99999995 
0.33000000 97.99999995 
0.33100000 97.99999996 
0.33200000 97.99999996 
0.33300000 97.99999997 
0.33400000 97.99999997 
0.33500000 97.99999998 
0.33600000 97.99999998 
0.33700000 97.99999999 
0.33800000 97.99999999 
0.33900000 97.99999999 
0.34000000 98.00000000 
0.34100000 98.00000000 
0.34200000 98.00000000 
0.34300000 98.00000000 
0.34400000 98.00000000 
0.34500000 98.00000001 
0.34600000 98.00000001 
0.34700000 98.00000001 
0.34800000 98.00000001 
0.34900000 98.00000001 
0.35000000 98.00000001 
0.35100000 98.00000001 
0.35200000 98.00000001 
0.35300000 98.00000001 
0.35400000 98.00000001 
0.35500000 98.00000001 
0.35600000 98.00000001 
0.35700000 98.00000001 
0.35800000 98.00000001 
0.35900000 98.00000001 
0.36000000 98.00000001 
0.36100000 98.00000001 
0.36200000 98.00000001 
0.36300000 98.00000001 
0.36400000 98.00000000 
0.36500000 98.00000000 
0.36600000 98.00000000 
0.36700000 98.00000000 
0.36800000 98.00000000 
0.36900000 98.00000000 
0.37000000 98.00000000 
0.37100000 98.00000000 
0.37200000 98.00000000 
0.37300000 98.00000000 
0.37400000 98.00000000 
0.37500000 98.00000000 
0.37600000 98.00000000 
0.37700000 98.00000000 
0.37800000 98.00000000 
0.37900000 98.00000000 
0.38000000 98.00000000 
0.38100000 98.00000000 
0.38200000 98.00000000 
0.38300000 98.00000000 
0.38400000 98.00000000 
0.38500000 98.00000000 
0.38600000 98.00000000 
0.38700000 98.00000000 
0.38800000 98.00000000 
0.38900000 98.00000000 
0.39000000 98.00000000 
0.39100000 98.00000000 
0.39200000 98.00000000 
0.39300000 98.00000000 
0.39400000 98.00000000 
0.39500000 98.00000000 
0.39600000 98.00000000 
0.39700000 98.00000000 
0.39800000 98.00000000 
0.39900000 98.00000000 
0.40000000 98.00000000 
0.40100000 98.00000000 
0.40200000 98.00000000 
0.40300000 98.00000000 
0.40400000 98.00000000 
0.40500000 98.00000000 
0.40600000 98.00000000 
0.40700000 98.00000000 
0.40800000 98.00000000 
0.40900000 98.00000000 
0.41000000 98.00000000 
0.41100000 98.00000000 
0.41200000 98.00000000 
0.41300000 98.00000000 
0.41400000 98.00000000 
0.41500000 98.00000000 
0.41600000 98.00000000 
0.41700000 98.00000000 
0.41800000 98.00000000 
0.41900000 98.00000000 
0.42000000 98.00000000 
0.42100000 98.00000000 
0.42200000 98.00000000 
0.42300000 98.00000000 
0.42400000 98.00000000 
0.42500000 98.00000000 
0.42600000 98.00000000 
0.42700000 98.00000000 
0.42800000 98.00000000 
0.42900000 98.00000000 
0.43000000 98.00000000 
0.43100000 98.00000000 
0.43200000 98.00000000 
0.43300000 98.00000000 
0.43400000 98.00000000 
0.43500000 98.00000000 
0.43600000 98.00000000 
0.43700000 98.00000000 
0.43800000 98.00000000 
0.43900000 98.00000000 
0.44000000 98.00000000 
0.44100000 98.00000000 
0.44200000 98.00000000 
0.44300000 98.00000000 
0.44400000 98.00000000 
0.44500000 98.00000000 
0.44600000 98.00000000 
0.44700000 98.00000000 
0.44800000 98.00000000 
0.44900000 98.00000000 
0.45000000 98.00000000 
0.45100000 98.00000000 
0.45200000 98.00000000 
0.45300000 98.00000000 
0.45400000 98.00000000 
0.45500000 98.00000000 
0.45600000 98.00000000 
0.45700000 98.00000000 
0.45800000 98.00000000 
0.45900000 98.00000000 
0.46000000 98.00000000 
0.46100000 98.00000000 
0.46200000 98.00000000 
0.46300000 98.00000000 
0.46400000 98.00000000 
0.46500000 98.00000000 
0.46600000 98.00000000 
0.46700000 98.00000000 
0.46800000 98.00000000 
0.46900000 98.00000000 
0.47000000 98.00000000 
0.47100000 98.00000000 
0.47200000 98.00000000 
0.47300000 98.00000000 
0.47400000 98.00000000 
0.47500000 98.00000000 
0.47600000 98.00000000 
0.47700000 98.00000000 
0.47800000 98.00000000 
0.47900000 98.00000000 
0.48000000 98.00000000 
0.48100000 98.00000000 
0.48200000 98.00000000 
0.48300000 98.00000000 
0.48400000 98.00000000 
0.48500000 98.00000000 
0.48600000 98.00000000 
0.48700000 98.00000000 
0.48800000 98.00000000 
0.48900000 98.00000000 
0.49000000 98.00000000 
0.49100000 98.00000000 
0.49200000 98.00000000 
0.49300000 98.00000000 
0.49400000 98.00000000 
0.49500000 98.00000000 
0.49600000 98.00000000 
0.49700000 98.00000000 
0.49800000 98.00000000 
0.49900000 98.00000000 
0.50000000 98.00000000 
0.50100000 98.00000000 
0.50200000 98.00000000 
0.50300000 98.00000000 
0.50400000 98.00000000 
0.50500000 98.00000000 
0.50600000 98.00000000 
0.50700000 98.00000000 
0.50800000 98.00000000 
0.50900000 98.00000000 
0.51000000 98.00000000 
0.51100000 98.00000000 
0.51200000 98.00000000 
0.51300000 98.00000000 
0.51400000 98.00000000 
0.51500000 98.00000000 
0.51600000 98.00000000 
0.51700000 98.00000000 
0.51800000 98.00000000 
0.51900000 98.00000000 
0.52000000 98.00000000 
0.52100000 98.00000000 
0.52200000 98.00000000 
0.52300000 98.00000000 
0.52400000 98.00000000 
0.52500000 98.00000000 
0.52600000 98.00000000 
0.52700000 98.00000000 
0.52800000 98.00000000 
0.52900000 98.00000000 
0.53000000 98.00000000 
0.53100000 98.00000000 
0.53200000 98.00000000 
0.53300000 98.00000000 
0.53400000 98.00000000 
0.53500000 98.00000000 
0.53600000 98.00000000 
0.53700000 98.00000000 
0.53800000 98.00000000 
0.53900000 98.00000000 
0.54000000 98.00000000 
0.54100000 98.00000000 
0.54200000 98.00000000 
0.54300000 98.00000000 
0.54400000 98.00000000 
0.54500000 98.00000000 
0.54600000 98.00000000 
0.54700000 98.00000000 
0.54800000 98.00000000 
0.54900000 98.00000000 
0.55000000 98.00000000 
0.55100000 98.00000000 
0.55200000 98.00000000 
0.55300000 98.00000000 
0.55400000 98.00000000 
0.55500000 98.00000000 
0.55600000 98.00000000 
0.55700000 98.00000000 
0.55800000 98.00000000 
0.55900000 98.00000000 
0.56000000 98.00000000 
0.56100000 98.00000000 
0.56200000 98.00000000 
0.56300000 98.00000000 
0.56400000 98.00000000 
0.56500000 98.00000000 
0.56600000 98.00000000 
0.56700000 98.00000000 
0.56800000 98.00000000 
0.56900000 98.00000000 
0.57000000 98.00000000 
0.57100000 98.00000000 
0.57200000 98.00000000 
0.57300000 98.00000000 
0.57400000 98.00000000 
0.57500000 98.00000000 
0.57600000 98.00000000 
0.57700000 98.00000000 
0.57800000 98.00000000 
0.57900000 98.00000000 
0.58000000 98.00000000 
0.58100000 98.00000000 
0.58200000 98.00000000 
0.58300000 98.00000000 
0.58400000 98.00000000 
0.58500000 98.00000000 
0.58600000 98.00000000 
0.58700000 98.00000000 
0.58800000 98.00000000 
0.58900000 98.00000000 
0.59000000 98.00000000 
0.59100000 98.00000000 
0.59200000 98.00000000 
0.59300000 98.00000000 
0.59400000 98.00000000 
0.59500000 98.00000000 
0.59600000 98.00000000 
0.59700000 98.00000000 
0.59800000 98.00000000 
0.59900000 98.00000000 
0.60000000 98.00000000 
0.60100000 98.00000000 
0.60200000 98.00000000 
0.60300000 98.00000000 
0.60400000 98.00000000 
0.60500000 98.00000000 
0.60600000 98.00000000 
0.60700000 98.00000000 
0.60800000 98.00000000 
0.60900000 98.00000000 
0.61000000 98.00000000 
0.61100000 98.00000000 
0.61200000 98.00000000 
0.61300000 98.00000000 
0.61400000 98.00000000 
0.61500000 98.00000000 
0.61600000 98.00000000 
0.61700000 98.00000000 
0.61800000 98.00000000 
0.61900000 98.00000000 
0.62000000 98.00000000 
0.62100000 98.00000000 
0.62200000 98.00000000 
0.62300000 98.00000000 
0.62400000 98.00000000 
0.62500000 98.00000000 
0.62600000 98.00000000 
0.62700000 98.00000000 
0.62800000 98.00000000 
0.62900000 98.00000000 
0.63000000 98.00000000 
0.63100000 98.00000000 
0.63200000 98.00000000 
0.63300000 98.00000000 
0.63400000 98.00000000 
0.63500000 98.00000000 
0.63600000 98.00000000 
0.63700000 98.00000000 
0.63800000 98.00000000 
0.63900000 98.00000000 
0.64000000 98.00000000 
0.64100000 98.00000000 
0.64200000 98.00000000 
0.64300000 98.00000000 
0.64400000 98.00000000 
0.64500000 98.00000000 
0.64600000 98.00000000 
0.64700000 98.00000000 
0.64800000 98.00000000 
0.64900000 98.00000000 
0.65000000 98.00000000 
0.65100000 98.00000000 
0.65200000 98.00000000 
0.65300000 98.00000000 
0.65400000 98.00000000 
0.65500000 98.00000000 
0.65600000 98.00000000 
0.65700000 98.00000000 
0.65800000 98.00000000 
0.65900000 98.00000000 
0.66000000 98.00000000 
0.66100000 98.00000000 
0.66200000 98.00000000 
0.66300000 98.00000000 
0.66400000 98.00000000 
0.66500000 98.00000000 
0.66600000 98.00000000 
0.66700000 98.00000000 
0.66800000 98.00000000 
0.66900000 98.00000000 
0.67000000 98.00000000 
0.67100000 98.00000000 
0.67200000 98.00000000 
0.67300000 98.00000000 
0.67400000 98.00000000 
0.67500000 98.00000000 
0.67600000 98.00000000 
0.67700000 98.00000000 
0.67800000 98.00000000 
0.67900000 98.00000000 
0.68000000 98.00000000 
0.68100000 98.00000000 
0.68200000 98.00000000 
0.68300000 98.00000000 
0.68400000 98.00000000 
0.68500000 98.00000000 
0.68600000 98.00000000 
0.68700000 98.00000000 
0.68800000 98.00000000 
0.68900000 98.00000000 
0.69000000 98.00000000 
0.69100000 98.00000000 
0.69200000 98.00000000 
0.69300000 98.00000000 
0.69400000 98.00000000 
0.69500000 98.00000000 
0.69600000 98.00000000 
0.69700000 98.00000000 
0.69800000 98.00000000 
0.69900000 98.00000000 
0.70000000 98.00000000 
0.70100000 98.00000000 
0.70200000 98.00000000 
0.70300000 98.00000000 
0.70400000 98.00000000 
0.70500000 98.00000000 
0.70600000 98.00000000 
0.70700000 98.00000000 
0.70800000 98.00000000 
0.70900000 98.00000000 
0.71000000 98.00000000 
0.71100000 98.00000000 
0.71200000 98.00000000 
0.71300000 98.00000000 
0.71400000 98.00000000 
0.71500000 98.00000000 
0.71600000 98.00000000 
0.71700000 98.00000000 
0.71800000 98.00000000 
0.71900000 98.00000000 
0.72000000 98.00000000 
0.72100000 98.00000000 
0.72200000 98.00000000 
0.72300000 98.00000000 
0.72400000 98.00000000 
0.72500000 98.00000000 
0.72600000 98.00000000 
0.72700000 98.00000000 
0.72800000 98.00000000 
0.72900000 98.00000000 
0.73000000 98.00000000 
0.73100000 98.00000000 
0.73200000 98.00000000 
0.73300000 98.00000000 
0.73400000 98.00000000 
0.73500000 98.00000000 
0.73600000 98.00000000 
0.73700000 98.00000000 
0.73800000 98.00000000 
0.73900000 98.00000000 
0.74000000 98.00000000 
0.74100000 98.00000000 
0.74200000 98.00000000 
0.74300000 98.00000000 
0.74400000 98.00000000 
0.74500000 98.00000000 
0.74600000 98.00000000 
0.74700000 98.00000000 
0.74800000 98.00000000 
0.74900000 98.00000000 
0.75000000 98.00000000 
0.75100000 98.00000000 
0.75200000 98.00000000 
0.75300000 98.00000000 
0.75400000 98.00000000 
0.75500000 98.00000000 
0.75600000 98.00000000 
0.75700000 98.00000000 
0.75800000 98.00000000 
0.75900000 98.00000000 
0.76000000 98.00000000 
0.76100000 98.00000000 
0.76200000 98.00000000 
0.76300000 98.00000000 
0.76400000 98.00000000 
0.76500000 98.00000000 
0.76600000 98.00000000 
0.76700000 98.00000000 
0.76800000 98.00000000 
0.76900000 98.00000000 
0.77000000 98.00000000 
0.77100000 98.00000000 
0.77200000 98.00000000 
0.77300000 98.00000000 
0.77400000 98.00000000 
0.77500000 98.00000000 
0.77600000 98.00000000 
0.77700000 98.00000000 
0.77800000 98.00000000 
0.77900000 98.00000000 
0.78000000 98.00000000 
0.78100000 98.00000000 
0.78200000 98.00000000 
0.78300000 98.00000000 
0.78400000 98.00000000 
0.78500000 98.00000000 
0.78600000 98.00000000 
0.78700000 98.00000000 
0.78800000 98.00000000 
0.78900000 98.00000000 
0.79000000 98.00000000 
0.79100000 98.00000000 
0.79200000 98.00000000 
0.79300000 98.00000000 
0.79400000 98.00000000 
0.79500000 98.00000000 
0.79600000 98.00000000 
0.79700000 98.00000000 
0.79800000 98.00000000 
0.79900000 98.00000000 
0.80000000 98.00000000 
0.80100000 98.00000000 
0.80200000 98.00000000 
0.80300000 98.00000000 
0.80400000 98.00000000 
0.80500000 98.00000000 
0.80600000 98.00000000 
0.80700000 98.00000000 
0.80800000 98.00000000 
0.80900000 98.00000000 
0.81000000 98.00000000 
0.81100000 98.00000000 
0.81200000 98.00000000 
0.81300000 98.00000000 
0.81400000 98.00000000 
0.81500000 98.00000000 
0.81600000 98.00000000 
0.81700000 98.00000000 
0.81800000 98.00000000 
0.81900000 98.00000000 
0.82000000 98.00000000 
0.82100000 98.00000000 
0.82200000 98.00000000 
0.82300000 98.00000000 
0.82400000 98.00000000 
0.82500000 98.00000000 
0.82600000 98.00000000 
0.82700000 98.00000000 
0.82800000 98.00000000 
0.82900000 98.00000000 
0.83000000 98.00000000 
0.83100000 98.00000000 
0.83200000 98.00000000 
0.83300000 98.00000000 
0.83400000 98.00000000 
0.83500000 98.00000000 
0.83600000 98.00000000 
0.83700000 98.00000000 
0.83800000 98.00000000 
0.83900000 98.00000000 
0.84000000 98.00000000 
0.84100000 98.00000000 
0.84200000 98.00000000 
0.84300000 98.00000000 
0.84400000 98.00000000 
0.84500000 98.00000000 
0.84600000 98.00000000 
0.84700000 98.00000000 
0.84800000 98.00000000 
0.84900000 98.00000000 
0.85000000 98.00000000 
0.85100000 98.00000000 
0.85200000 98.00000000 
0.85300000 98.00000000 
0.85400000 98.00000000 
0.85500000 98.00000000 
0.85600000 98.00000000 
0.85700000 98.00000000 
0.85800000 98.00000000 
0.85900000 98.00000000 
0.86000000 98.00000000 
0.86100000 98.00000000 
0.86200000 98.00000000 
0.86300000 98.00000000 
0.86400000 98.00000000 
0.86500000 98.00000000 
0.86600000 98.00000000 
0.86700000 98.00000000 
0.86800000 98.00000000 
0.86900000 98.00000000 
0.87000000 98.00000000 
0.87100000 98.00000000 
0.87200000 98.00000000 
0.87300000 98.00000000 
0.87400000 98.00000000 
0.87500000 98.00000000 
0.87600000 98.00000000 
0.87700000 98.00000000 
0.87800000 98.00000000 
0.87900000 98.00000000 
0.88000000 98.00000000 
0.88100000 98.00000000 
0.88200000 98.00000000 
0.88300000 98.00000000 
0.88400000 98.00000000 
0.88500000 98.00000000 
0.88600000 98.00000000 
0.88700000 98.00000000 
0.88800000 98.00000000 
0.88900000 98.00000000 
0.89000000 98.00000000 
0.89100000 98.00000000 
0.89200000 98.00000000 
0.89300000 98.00000000 
0.89400000 98.00000000 
0.89500000 98.00000000 
0.89600000 98.00000000 
0.89700000 98.00000000 
0.89800000 98.00000000 
0.89900000 98.00000000 
0.90000000 98.00000000 
0.90100000 98.00000000 
0.90200000 98.00000000 
0.90300000 98.00000000 
0.90400000 98.00000000 
0.90500000 98.00000000 
0.90600000 98.00000000 
0.90700000 98.00000000 
0.90800000 98.00000000 
0.90900000 98.00000000 
0.91000000 98.00000000 
0.91100000 98.00000000 
0.91200000 98.00000000 
0.91300000 98.00000000 
0.91400000 98.00000000 
0.91500000 98.00000000 
0.91600000 98.00000000 
0.91700000 98.00000000 
0.91800000 98.00000000 
0.91900000 98.00000000 
0.92000000 98.00000000 
0.92100000 98.00000000 
0.92200000 98.00000000 
0.92300000 98.00000000 
0.92400000 98.00000000 
0.92500000 98.00000000 
0.92600000 98.00000000 
0.92700000 98.00000000 
0.92800000 98.00000000 
0.92900000 98.00000000 
0.93000000 98.00000000 
0.93100000 98.00000000 
0.93200000 98.00000000 
0.93300000 98.00000000 
0.93400000 98.00000000 
0.93500000 98.00000000 
0.93600000 98.00000000 
0.93700000 98.00000000 
0.93800000 98.00000000 
0.93900000 98.00000000 
0.94000000 98.00000000 
0.94100000 98.00000000 
0.94200000 98.00000000 
0.94300000 98.00000000 
0.94400000 98.00000000 
0.94500000 98.00000000 
0.94600000 98.00000000 
0.94700000 98.00000000 
0.94800000 98.00000000 
0.94900000 98.00000000 
0.95000000 98.00000000 
0.95100000 98.00000000 
0.95200000 98.00000000 
0.95300000 98.00000000 
0.95400000 98.00000000 
0.95500000 98.00000000 
0.95600000 98.00000000 
0.95700000 98.00000000 
0.95800000 98.00000000 
0.95900000 98.00000000 
0.96000000 98.00000000 
0.96100000 98.00000000 
0.96200000 98.00000000 
0.96300000 98.00000000 
0.96400000 98.00000000 
0.96500000 98.00000000 
0.96600000 98.00000000 
0.96700000 98.00000000 
0.96800000 98.00000000 
0.96900000 98.00000000 
0.97000000 98.00000000 
0.97100000 98.00000000 
0.97200000 98.00000000 
0.97300000 98.00000000 
0.97400000 98.00000000 
0.97500000 98.00000000 
0.97600000 98.00000000 
0.97700000 98.00000000 
0.97800000 98.00000000 
0.97900000 98.00000000 
0.98000000 98.00000000 
0.98100000 98.00000000 
0.98200000 98.00000000 
0.98300000 98.00000000 
0.98400000 98.00000000 
0.98500000 98.00000000 
0.98600000 98.00000000 
0.98700000 98.00000000 
0.98800000 98.00000000 
0.98900000 98.00000000 
0.99000000 98.00000000 
0.99100000 98.00000000 
0.99200000 98.00000000 
0.99300000 98.00000000 
0.99400000 98.00000000 
0.99500000 98.00000000 
0.99600000 98.00000000 
0.99700000 98.00000000 
0.99800000 98.00000000 
0.99900000 98.00000000 
1.00000000 98.00000000 
