VARIABLES="measured signal" 
22.35738735 
24.46834327 
26.17877227 
27.65689987 
30.49997323 
31.57676047 
32.71617546 
31.40876538 
30.55103081 
30.04340866 
31.36560943 
32.67805214 
33.23065148 
31.71833315 
28.39153799 
24.17881501 
19.28612949 
16.59921048 
15.01781431 
15.52293980 
17.26425807 
19.74785683 
21.15157066 
21.81292134 
22.24057203 
21.60622766 
21.15882490 
20.19082978 
19.40840941 
19.59938819 
20.84574441 
22.65809558 
24.82578328 
25.39824010 
26.18818542 
24.80563961 
23.61610756 
21.45996306 
20.77553347 
19.60000155 
20.66264529 
22.15543791 
24.97023889 
29.18854275 
33.63655734 
38.17873671 
41.95659737 
43.96730732 
43.68280829 
41.25119973 
37.61989019 
32.86638992 
28.48058091 
23.70500987 
20.77556327 
19.33661460 
19.24818753 
19.49553386 
19.68341844 
20.60605492 
21.76398497 
23.03971845 
24.17286527 
25.61574251 
27.06161711 
30.06732290 
31.91358603 
32.77707661 
32.92041389 
31.53838669 
29.88480449 
27.91444966 
26.32035236 
23.97571026 
22.77903909 
20.14013425 
17.43949838 
14.98443574 
13.47749810 
13.24317254 
14.96857545 
18.19416975 
22.99271851 
28.31560544 
34.48790055 
39.24002569 
43.37629364 
45.25785055 
46.75344266 
46.64488797 
46.08948670 
45.16273137 
42.32430343 
39.70035038 
37.02313401 
35.56439461 
35.61958490 
36.80754747 
37.28046142 
38.53186945 
39.36508105 
39.53678748 
40.21561892 
40.63357417 
40.50170061 
39.51646095 
37.76415299 
35.54770995 
34.60261968 
33.45324037 
32.56325307 
30.50219390 
27.50280318 
24.52899408 
20.85193184 
17.33664382 
15.35195532 
13.59855351 
14.84059902 
15.94928811 
19.07521026 
22.80844844 
25.65068830 
29.34855775 
32.49770901 
34.90445499 
37.21703916 
39.20083379 
40.02637767 
39.79361912 
38.31454800 
35.63181416 
32.51046953 
29.40729951 
26.92479969 
23.75296183 
21.29870154 
20.20339302 
19.32899202 
20.17150923 
21.09297101 
23.13393524 
25.22135615 
28.92642750 
33.02996403 
37.51817024 
40.73153654 
41.69904802 
42.07712554 
40.77564449 
39.40196208 
37.07074054 
34.95644209 
32.36141867 
31.47114635 
29.97758026 
30.07490410 
29.59944600 
28.88153436 
29.08707157 
28.69665493 
30.15692108 
30.61890583 
32.67226725 
33.89126778 
34.49952573 
34.11315061 
32.49894416 
30.51104512 
29.60355278 
28.47731137 
28.31739286 
27.09287134 
27.10311155 
27.67702953 
29.19576776 
32.30547968 
34.54860313 
37.87316083 
38.68371728 
38.99381247 
37.37450740 
34.28710473 
30.42065235 
25.62250431 
22.42102137 
20.38769668 
21.14011341 
23.31254627 
26.60043536 
30.87487276 
34.97095544 
37.96297764 
40.88041609 
42.37451289 
43.07571585 
43.75600918 
43.87045885 
43.10922183 
41.68807855 
38.79216502 
35.99504344 
33.94554699 
31.74661222 
31.09551036 
28.93305108 
28.19268077 
25.89632934 
25.67047902 
24.20380219 
24.26997691 
24.83014767 
26.70061988 
29.94222237 
33.57297323 
36.45687008 
37.30841491 
36.81398134 
34.15084624 
30.80929467 
28.15035239 
24.39624223 
21.25111122 
18.84588076 
16.24437939 
15.81609947 
14.91595919 
16.11214406 
18.06402710 
20.56375565 
23.54090934 
26.11476523 
27.20003369 
29.60619626 
30.28294685 
31.82413771 
31.26004660 
31.57185346 
30.50478205 
30.39623054 
29.09792395 
28.89881550 
28.99138850 
30.71505268 
33.11414932 
35.03379964 
37.64726543 
39.14844427 
41.33367244 
43.79737329 
45.59342979 
46.90584444 
45.85623665 
45.07789929 
42.94470437 
41.17116945 
39.89324733 
37.28264139 
34.77571831 
31.47273051 
28.85366574 
27.25931270 
26.97852746 
26.50375141 
26.91528246 
26.18903550 
26.87315770 
26.99310387 
27.25223234 
28.21280522 
29.86685888 
33.18312355 
37.20310197 
41.03661023 
43.90954682 
45.52320100 
45.73119681 
44.19324593 
42.84201862 
39.24065538 
36.78342294 
34.26198632 
31.17535363 
28.94716225 
26.70980222 
24.67999990 
23.91618867 
22.94022458 
23.26704640 
24.57002898 
27.63667693 
29.90851632 
33.52996352 
34.94368198 
36.92675568 
38.66566307 
39.93675289 
39.79518661 
40.30653881 
39.98502444 
40.82472890 
41.91331106 
42.62237943 
42.41559144 
42.12630508 
42.11684613 
42.70573927 
44.38973837 
46.79871265 
49.61503639 
51.90722739 
54.38456726 
56.08981533 
57.14370783 
57.37883276 
56.28502439 
54.61155427 
50.86746090 
45.96397183 
40.80492449 
35.11959488 
31.34386805 
28.01743337 
27.09743222 
26.28502827 
25.86923559 
25.62004230 
24.45912151 
23.41256091 
23.23643034 
22.72364159 
22.20856812 
21.38347354 
21.02633924 
19.93653890 
19.68852635 
19.84375457 
19.72838520 
19.93032079 
21.19761648 
22.25949833 
23.64712954 
24.35315985 
24.03432759 
24.39047976 
25.21653795 
27.01372750 
27.90223687 
27.50660648 
26.14941837 
24.49926500 
22.24625018 
21.36239445 
20.80815158 
22.39833370 
24.96150414 
27.91580434 
29.90656852 
31.15085734 
32.48169548 
33.80183162 
36.59072534 
39.20545852 
42.40477975 
44.35106644 
45.24145719 
44.34640571 
43.29764315 
41.48804782 
39.39338865 
36.99781011 
33.48123441 
30.07787337 
27.44714292 
25.20845718 
24.47978103 
23.32007338 
21.80974381 
20.49168745 
17.93971967 
16.47327443 
14.94377056 
14.47022517 
13.73743589 
14.80177195 
15.06396270 
16.67088307 
17.13267890 
17.74121612 
17.31453303 
17.29826881 
17.35286206 
17.96220849 
20.15751122 
23.09139470 
25.83204794 
28.70030692 
30.77715068 
31.39657303 
31.18831482 
30.08559786 
28.95928242 
27.95038332 
26.66827571 
25.81264196 
24.59632623 
23.43477486 
23.50396024 
22.85066662 
22.22853234 
22.68776741 
23.18914662 
24.46670306 
26.03992527 
26.37638992 
27.59269966 
29.09192507 
32.30617784 
36.28529513 
40.75264069 
42.98387875 
44.49487664 
43.15923293 
40.13745852 
36.32150663 
30.95478347 
26.49002526 
22.47526958 
20.83232115 
20.05750170 
20.91400504 
22.13851323 
24.67431864 
26.28498367 
27.31033192 
26.51866289 
26.02665946 
26.47182026 
27.33795548 
30.21305539 
32.51129323 
36.19351803 
38.55486523 
41.04205200 
42.08956804 
42.74147027 
43.74853878 
44.28143137 
44.82911106 
45.56496844 
45.26901251 
43.75845308 
41.37919445 
38.06778832 
35.51035677 
33.80171506 
32.26097839 
30.60726307 
29.19951502 
26.46258970 
23.87813328 
21.68140580 
19.99775857 
19.08670883 
18.92601134 
18.67516681 
19.60018300 
22.01743042 
25.51346235 
30.31941172 
33.53990151 
35.62274779 
36.61667509 
36.17428136 
35.77657277 
34.89427600 
34.67119969 
34.81698760 
34.32537388 
33.95058402 
33.34720447 
33.84146187 
35.79661009 
39.09364325 
41.17826258 
42.21109617 
41.37065105 
39.20928164 
36.38963277 
32.62975690 
28.42724656 
24.96316052 
22.64903441 
20.83454244 
20.06233305 
20.34279277 
21.97400789 
25.96488470 
29.90077983 
32.91397249 
35.81708032 
36.68998137 
37.10112489 
36.57416590 
34.19131689 
31.56040313 
29.55343139 
27.07661415 
24.89370563 
22.49628211 
18.86190232 
15.92294773 
12.97576212 
10.17323649 
9.72584887 
9.90675655 
12.58044497 
16.33989958 
19.33020307 
23.16354197 
26.79577218 
29.89605749 
32.14352293 
33.40389454 
34.42438556 
36.44122242 
37.65536607 
38.66720221 
38.02564272 
37.75055611 
37.09873046 
38.08997844 
37.24432992 
35.87438754 
32.62213922 
28.08132698 
23.16606463 
18.64012234 
14.98814836 
13.33080732 
13.78362522 
14.65845738 
17.89185035 
20.80308258 
24.58902107 
29.22501129 
32.76948778 
36.52592778 
38.69275207 
40.49256518 
40.35180339 
40.95317181 
39.91223337 
40.24851316 
40.66062280 
42.13060267 
43.59249000 
45.40481947 
44.95575028 
43.14933511 
40.15030583 
36.09114179 
32.32640539 
28.32264013 
24.27419934 
20.00964115 
15.74365555 
12.59640417 
10.43684181 
10.60835800 
11.05161817 
11.94277076 
11.80515503 
12.91339498 
12.74159107 
13.57903120 
14.35146210 
15.00140212 
17.71495592 
19.84808380 
23.87170276 
25.81233113 
29.05253288 
30.17623408 
31.84324943 
32.92101075 
34.68981373 
36.14228206 
36.89275014 
36.59086219 
35.13248145 
33.66159742 
32.41465323 
31.57635885 
30.37581951 
29.46203256 
28.94883926 
28.87040488 
30.03877678 
32.19568143 
35.05420149 
37.34988344 
40.47873681 
41.45322310 
43.31966280 
44.29222221 
45.50061308 
45.04881109 
44.64591105 
42.50876959 
41.13681998 
38.92584414 
38.12728796 
35.86160049 
35.06769492 
33.66281272 
32.98462049 
32.69630836 
33.01576715 
33.78073004 
35.59881494 
36.20641965 
36.97229826 
37.45387695 
36.77145902 
37.47145747 
36.97057124 
36.16488220 
34.05553383 
31.70893708 
28.95157601 
27.52852356 
25.38410530 
24.82062322 
23.90144265 
24.15456950 
26.05700520 
27.19104715 
28.84379686 
29.80998901 
29.39411119 
29.89382201 
30.25785728 
29.86843744 
30.80244839 
31.63570633 
32.83302854 
35.08020367 
35.98779536 
35.65680760 
35.50684150 
34.53290951 
33.11665866 
33.12417261 
32.39068026 
32.66573517 
32.21268581 
31.35085244 
30.18534241 
29.45216783 
30.06213498 
30.86732337 
32.27041974 
31.95411261 
32.78572594 
31.20717534 
30.06314421 
27.98497925 
25.20859264 
23.56223464 
22.20417742 
22.47729591 
22.19236782 
21.99741142 
22.48437271 
23.86114705 
26.64321577 
28.74812114 
29.64958124 
28.76477526 
27.75859876 
27.07919288 
26.34328984 
25.98173156 
25.94302845 
25.05208436 
24.90399393 
24.91261551 
24.92140198 
25.47214987 
24.84361702 
23.25765978 
20.33104978 
16.84551086 
14.24185268 
12.85264708 
12.09769772 
13.24484578 
15.50195936 
17.68532358 
19.88456168 
20.58083982 
19.66146220 
19.35413241 
20.05640361 
21.40780383 
23.70027241 
26.31990009 
29.58987561 
33.69303862 
37.10141292 
40.74528514 
43.79124139 
46.73105306 
48.39597075 
49.59975241 
48.05433915 
45.71365652 
41.56608969 
36.20937333 
30.41668120 
24.30237925 
18.80302204 
15.67399014 
13.39334937 
12.77353472 
13.59317938 
14.35018959 
15.80515885 
17.21714793 
18.87279144 
19.77351411 
22.15062496 
24.31193772 
26.23399593 
27.21370823 
26.32924030 
26.12244731 
25.78003940 
26.21959961 
26.29977569 
26.62034651 
26.18936502 
27.08800674 
28.31915823 
31.09585468 
33.36700796 
35.81332901 
36.22404622 
36.76372704 
35.95988975 
34.91365706 
33.37890206 
30.28054622 
28.47890124 
27.23062314 
28.31719063 
29.86805466 
31.58995653 
33.49175120 
35.78090506 
37.28237008 
39.99982845 
42.13439276 
44.79538954 
47.88444047 
50.09042585 
51.76193022 
52.28232224 
52.65995227 
53.02589416 
53.61807341 
54.62353462 
55.93094307 
56.11184069 
56.01905764 
53.58299556 
50.79369719 
46.15242094 
42.31421054 
38.67530939 
36.05454736 
33.13347165 
29.63855695 
25.90283601 
21.79111982 
19.85117024 
18.94183873 
20.76385719 
23.63448248 
26.72412868 
30.83310077 
33.75819900 
36.85966916 
39.73919610 
41.36762040 
43.85900508 
44.11135194 
44.69738296 
43.80995813 
42.04540412 
41.10119440 
39.46684832 
38.14491857 
36.10604871 
32.90986191 
29.89348254 
28.02381750 
25.86323704 
25.94773700 
24.87728705 
23.70193366 
22.57615309 
22.38437320 
22.98883888 
25.64370790 
27.97655849 
31.36105439 
32.86926502 
34.62197569 
36.10453161 
38.05759238 
39.61847591 
40.65726328 
40.31964686 
38.82506917 
36.81039586 
34.06857552 
30.37428196 
26.86931630 
23.59765247 
22.09950557 
21.61512743 
21.56552951 
21.71950498 
21.54985704 
21.29935471 
21.35875807 
20.46596856 
20.82814514 
20.06663335 
19.70477172 
18.94872782 
18.35664055 
17.77864804 
17.98142410 
18.42048945 
18.19173296 
17.60992267 
16.01225744 
14.93651201 
15.51107750 
17.98085872 
21.11329968 
23.88304294 
26.84546202 
28.11238715 
30.38857847 
31.07390988 
30.90807532 
29.11544095 
26.75435587 
23.78419034 
21.02465995 
20.01183811 
18.54975553 
18.85180159 
19.25989758 
20.03685756 
20.76327392 
21.20964825 
20.77724993 
19.83472242 
18.69275285 
18.52448643 
18.87173831 
19.41324474 
20.66349396 
22.05060051 
23.74865015 
26.26231780 
29.20840073 
31.03883924 
33.32911784 
34.39189615 
34.36561520 
34.87224609 
34.06745053 
34.67588227 
35.68279682 
37.09484297 
39.07349286 
41.47527743 
42.67391981 
44.39117716 
44.24730752 
44.25966965 
43.88060406 
42.10525745 
40.65962561 
37.84271387 
35.64429693 
33.02493607 
31.70405708 
29.19557680 
28.06943196 
26.37161472 
25.39367258 
25.75100854 
26.92103846 
27.70472270 
29.17795665 
30.15107012 
30.19465797 
31.81361295 
32.88786030 
33.85536732 
34.57962953 
35.16278013 
35.77663214 
36.33938247 
37.65113780 
38.20961505 
37.83847570 
37.80772806 
35.36285467 
34.65244747 
32.26594140 
31.52556364 
30.67756172 
30.64053434 
30.05561135 
30.95513614 
31.48147203 
32.26546022 
32.28991918 
31.65719372 
31.45678451 
32.13519733 
33.90794093 
36.60823958 
39.38479976 
42.16941010 
43.75584722 
44.42610521 
42.66607776 
39.83091849 
36.73817109 
32.50679133 
29.68651354 
27.83288658 
27.87767307 
28.75150317 
29.51332376 
28.71914935 
28.13597705 
27.45804141 
27.65042185 
28.46148001 
30.09216700 
32.58029644 
34.33500355 
35.14425864 
34.01376955 
32.06122234 
29.61609549 
28.06413510 
27.62884044 
26.53770304 
27.69366407 
28.64197190 
29.46158492 
31.67638717 
32.52610271 
34.87723309 
35.75552649 
37.44104275 
38.16317748 
39.20621772 
38.73983756 
38.92503305 
37.26268009 
35.05794671 
31.57548627 
28.05889624 
24.37924093 
23.23990835 
23.84374356 
25.28789552 
26.56380539 
27.90307890 
27.98471240 
27.42362571 
27.62722234 
26.43537508 
26.15630671 
24.81456347 
22.95351332 
21.35211105 
20.07239236 
19.06201249 
